2025-09-16 10:27:06,7,3,3,3,70,75
2025-09-16 10:27:06,7,3,3,3,23,75
2025-09-16 10:27:06,7,3,3,3,42,75
2025-09-16 10:27:06,7,3,3,3,84,75
2025-09-16 10:27:06,7,3,3,3,56,75
2025-09-16 10:27:06,7,3,3,3,81,75
2025-09-16 10:27:06,7,3,3,3,45,75
2025-09-16 10:27:06,7,3,3,3,8,75
2025-09-16 10:27:06,7,3,3,3,66,75
2025-09-16 10:27:06,7,3,3,3,48,75
2025-09-16 10:27:06,7,3,3,3,75,75
2025-09-16 10:27:06,7,3,3,3,15,75
2025-09-16 10:27:06,7,3,3,3,70,75
2025-09-16 10:27:06,7,3,3,3,28,75
2025-09-16 10:27:06,7,3,3,3,21,75
2025-09-16 10:27:06,7,3,3,3,100,75
2025-09-16 10:27:06,7,3,3,3,56,75
2025-09-16 10:27:06,7,3,3,3,59,75
2025-09-16 10:27:06,7,3,3,3,62,75
2025-09-16 10:27:06,7,3,3,3,18,75
2025-09-16 10:27:06,7,3,3,3,66,75
2025-09-16 10:27:06,7,3,3,3,14,75
2025-09-16 10:27:06,7,3,3,3,54,75
2025-09-16 10:27:06,7,3,3,3,67,75
2025-09-16 10:27:06,7,3,3,3,97,75
2025-09-16 10:27:06,7,3,3,3,99,75
2025-09-16 10:27:06,7,3,3,3,58,75
2025-09-16 10:27:06,7,3,3,3,68,75
2025-09-16 10:27:06,7,3,3,3,58,75
2025-09-16 10:27:06,7,3,3,3,3,75
2025-09-16 10:27:06,7,3,3,3,89,75
2025-09-16 10:27:06,7,3,3,3,82,75
2025-09-16 10:27:06,7,3,3,3,80,75
2025-09-16 10:27:06,7,3,3,3,9,75
2025-09-16 10:27:06,7,3,3,3,60,75
2025-09-16 10:27:06,7,3,3,3,42,75
2025-09-16 10:27:06,7,3,3,3,35,75
2025-09-16 10:27:06,7,3,3,3,8,75
2025-09-16 10:27:06,7,3,3,3,54,75
2025-09-16 10:27:06,7,3,3,3,1,75
2025-09-16 10:27:06,7,3,3,3,5,75
2025-09-16 10:27:06,7,3,3,3,7,75
2025-09-16 10:27:06,7,3,3,3,52,75
2025-09-16 10:27:06,7,3,3,3,95,75
2025-09-16 10:27:06,7,3,3,3,81,75
2025-09-16 10:27:06,7,3,3,3,33,75
2025-09-16 10:27:06,7,3,3,3,73,75
2025-09-16 10:27:06,7,3,3,3,34,75
2025-09-16 10:27:06,7,3,3,3,16,75
2025-09-16 10:27:06,7,3,3,3,100,75
2025-09-16 10:27:06,7,3,3,3,16,75
2025-09-16 10:27:06,7,3,3,3,11,75
2025-09-16 10:27:06,7,3,3,3,30,75
2025-09-16 10:27:06,7,3,3,3,31,75
2025-09-16 10:27:06,7,3,3,3,61,75
2025-09-16 10:27:06,7,3,3,3,68,75
2025-09-16 10:27:06,7,3,3,3,30,75
2025-09-16 10:27:06,7,3,3,3,82,75
2025-09-16 10:27:06,7,3,3,3,41,75
2025-09-16 10:27:06,7,3,3,3,6,75
2025-09-16 10:27:06,7,3,3,3,0,75
2025-09-16 10:27:06,7,3,3,3,48,75
2025-09-16 10:27:06,7,3,3,3,77,75
2025-09-16 10:27:06,7,3,3,3,92,75
2025-09-16 10:27:06,7,3,3,3,12,75
2025-09-16 10:27:06,7,3,3,3,19,75
2025-09-16 10:27:06,7,3,3,3,45,75
2025-09-16 10:27:06,7,3,3,3,66,75
2025-09-16 10:27:06,7,3,3,3,17,75
2025-09-16 10:27:06,7,3,3,3,4,75
2025-09-16 10:27:06,7,3,3,3,52,75
2025-09-16 10:27:06,7,3,3,3,86,75
2025-09-16 10:27:06,7,3,3,3,43,75
2025-09-16 10:27:06,7,3,3,3,66,75
2025-09-16 10:27:06,7,3,3,3,67,75
2025-09-16 10:27:06,7,3,3,3,79,75
2025-09-16 10:27:06,7,3,3,3,97,75
2025-09-16 10:27:06,7,3,3,3,59,75
2025-09-16 10:27:06,7,3,3,3,0,75
2025-09-16 10:27:06,7,3,3,3,71,75
2025-09-16 10:27:06,7,3,3,3,6,75
2025-09-16 10:27:06,7,3,3,3,59,75
2025-09-16 10:27:06,7,3,3,3,57,75
2025-09-16 10:27:06,7,3,3,3,68,75
2025-09-16 10:27:06,7,3,3,3,77,75
2025-09-16 10:27:06,7,3,3,3,52,75
2025-09-16 10:27:06,7,3,3,3,23,75
2025-09-16 10:27:06,7,3,3,3,89,75
2025-09-16 10:27:06,7,3,3,3,12,75
2025-09-16 10:27:06,7,3,3,3,52,75
2025-09-16 10:27:06,7,3,3,3,39,75
2025-09-16 10:27:06,7,3,3,3,22,75
2025-09-16 10:27:06,7,3,3,3,60,75
2025-09-16 10:27:06,7,3,3,3,17,75
2025-09-16 10:27:06,7,3,3,3,94,75
2025-09-16 10:27:06,7,3,3,3,22,75
2025-09-16 10:27:06,7,3,3,3,73,75
2025-09-16 10:27:06,7,3,3,3,74,75
2025-09-16 10:27:06,7,3,3,3,78,75
2025-09-16 10:27:06,7,3,3,3,75,75
2025-09-16 10:27:06,7,3,3,3,30,75
2025-09-16 10:27:06,7,3,3,3,75,75
2025-09-16 10:27:06,7,3,3,3,62,75
2025-09-16 10:27:06,7,3,3,3,76,75
2025-09-16 10:27:06,7,3,3,3,23,75
2025-09-16 10:27:06,7,3,3,3,95,75
2025-09-16 10:27:06,7,3,3,3,22,75
2025-09-16 10:27:06,7,3,3,3,85,75
2025-09-16 10:27:06,7,3,3,3,29,75
2025-09-16 10:27:06,7,3,3,3,77,75
2025-09-16 10:27:06,7,3,3,3,32,75
2025-09-16 10:27:06,7,3,3,3,74,75
2025-09-16 10:27:06,7,3,3,3,19,75
2025-09-16 10:27:06,7,3,3,3,30,75
2025-09-16 10:27:06,7,3,3,3,21,75
2025-09-16 10:27:06,7,3,3,3,63,75
2025-09-16 10:27:06,7,3,3,3,47,75
2025-09-16 10:27:06,7,3,3,3,94,75
2025-09-16 10:27:06,7,3,3,3,93,75
2025-09-16 10:27:06,7,3,3,3,19,75
2025-09-16 10:27:06,7,3,3,3,86,75
2025-09-16 10:27:06,7,3,3,3,55,75
2025-09-16 10:27:06,7,3,3,3,12,75
2025-09-16 10:27:06,7,3,3,3,21,75
2025-09-16 10:27:06,7,3,3,3,95,75
2025-09-16 10:27:06,7,3,3,3,83,75
2025-09-16 10:27:06,7,3,3,3,64,75
2025-09-16 10:27:06,7,3,3,3,82,75
2025-09-16 10:27:06,7,3,3,3,59,75
2025-09-16 10:27:06,7,3,3,3,28,75
2025-09-16 10:27:06,7,3,3,3,20,75
2025-09-16 10:27:06,7,3,3,3,63,75
2025-09-16 10:27:06,7,3,3,3,81,75
2025-09-16 10:27:06,7,3,3,3,39,75
2025-09-16 10:27:06,7,3,3,3,19,75
2025-09-16 10:27:06,7,3,3,3,100,75
2025-09-16 10:27:06,7,3,3,3,0,75
2025-09-16 10:27:06,7,3,3,3,98,75
2025-09-16 10:27:06,7,3,3,3,99,75
2025-09-16 10:27:06,7,3,3,3,44,75
2025-09-16 10:27:06,7,3,3,3,62,75
2025-09-16 10:27:06,7,3,3,3,35,75
2025-09-16 10:27:06,7,3,3,3,57,75
2025-09-16 10:27:06,7,3,3,3,38,75
2025-09-16 10:27:06,7,3,3,3,6,75
2025-09-16 10:27:06,7,3,3,3,100,75
2025-09-16 10:27:06,7,3,3,3,22,75
2025-09-16 10:27:06,7,3,3,3,45,75
2025-09-16 10:27:06,7,3,3,3,15,75
2025-09-16 10:27:06,7,3,3,3,86,75
2025-09-16 10:27:06,7,3,3,3,68,75
2025-09-16 10:27:06,7,3,3,3,20,75
2025-09-16 10:27:06,7,3,3,3,17,75
2025-09-16 10:27:06,7,3,3,3,5,75
2025-09-16 10:27:06,7,3,3,3,64,75
2025-09-16 10:27:06,7,3,3,3,31,75
2025-09-16 10:27:06,7,3,3,3,49,75
2025-09-16 10:27:06,7,3,3,3,91,75
2025-09-16 10:27:06,7,3,3,3,41,75
2025-09-16 10:27:06,7,3,3,3,73,75
2025-09-16 10:27:06,7,3,3,3,95,75
2025-09-16 10:27:06,7,3,3,3,93,75
2025-09-16 10:27:06,7,3,3,3,91,75
2025-09-16 10:27:06,7,3,3,3,45,75
2025-09-16 10:27:06,7,3,3,3,64,75
2025-09-16 10:27:06,7,3,3,3,3,75
2025-09-16 10:27:06,7,3,3,3,6,75
2025-09-16 10:27:06,7,3,3,3,96,75
2025-09-16 10:27:06,7,3,3,3,44,75
2025-09-16 10:27:06,7,3,3,3,74,75
2025-09-16 10:27:06,7,3,3,3,56,75
2025-09-16 10:27:06,7,3,3,3,23,75
2025-09-16 10:27:06,7,3,3,3,1,75
2025-09-16 10:27:06,7,3,3,3,59,75
2025-09-16 10:27:06,7,3,3,3,7,75
2025-09-16 10:27:06,7,3,3,3,31,75
2025-09-16 10:27:06,7,3,3,3,50,75
2025-09-16 10:27:06,7,3,3,3,24,75
2025-09-16 10:27:06,7,3,3,3,38,75
2025-09-16 10:27:06,7,3,3,3,3,75
2025-09-16 10:27:06,7,3,3,3,82,75
2025-09-16 10:27:06,7,3,3,3,51,75
2025-09-16 10:27:06,7,3,3,3,20,75
2025-09-16 10:27:06,7,3,3,3,86,75
2025-09-16 10:27:06,7,3,3,3,77,75
2025-09-16 10:27:06,7,3,3,3,17,75
2025-09-16 10:27:06,7,3,3,3,82,75
2025-09-16 10:27:06,7,3,3,3,66,75
2025-09-16 10:27:06,7,3,3,3,24,75
2025-09-16 10:27:06,7,3,3,3,85,75
2025-09-16 10:27:06,7,3,3,3,13,75
2025-09-16 10:27:06,7,3,3,3,85,75
2025-09-16 10:27:06,7,3,3,3,71,75
2025-09-16 10:27:06,7,3,3,3,26,75
2025-09-16 10:27:06,7,3,3,3,8,75
2025-09-16 10:27:06,7,3,3,3,89,75
2025-09-16 10:27:06,7,3,3,3,59,75
2025-09-16 10:27:06,7,3,3,3,18,75
2025-09-16 10:27:06,7,3,3,3,2,75
2025-09-16 10:27:06,7,3,3,3,43,75
2025-09-16 10:27:06,7,3,3,3,95,75
2025-09-16 10:27:06,7,3,3,3,81,75
2025-09-16 10:27:06,7,3,3,3,17,75
2025-09-16 10:27:06,7,3,3,3,61,75
2025-09-16 10:27:06,7,3,3,3,40,75
2025-09-16 10:27:06,7,3,3,3,3,75
2025-09-16 10:27:06,7,3,3,3,0,75
2025-09-16 10:27:06,7,3,3,3,41,75
2025-09-16 10:27:06,7,3,3,3,7,75
2025-09-16 10:27:06,7,3,3,3,98,75
2025-09-16 10:27:06,7,3,3,3,34,75
2025-09-16 10:27:06,7,3,3,3,92,75
2025-09-16 10:27:06,7,3,3,3,96,75
2025-09-16 10:27:06,7,3,3,3,63,75
2025-09-16 10:27:06,7,3,3,3,61,75
2025-09-16 10:27:06,7,3,3,3,63,75
2025-09-16 10:27:06,7,3,3,3,43,75
2025-09-16 10:27:06,7,3,3,3,31,75
2025-09-16 10:27:06,7,3,3,3,67,75
2025-09-16 10:27:06,7,3,3,3,2,75
2025-09-16 10:27:06,7,3,3,3,51,75
2025-09-16 10:27:06,7,3,3,3,73,75
2025-09-16 10:27:06,7,3,3,3,75,75
2025-09-16 10:27:06,7,3,3,3,78,75
2025-09-16 10:27:06,7,3,3,3,22,75
2025-09-16 10:27:06,7,3,3,3,17,75
2025-09-16 10:27:06,7,3,3,3,47,75
2025-09-16 10:27:06,7,3,3,3,79,75
2025-09-16 10:27:06,7,3,3,3,2,75
2025-09-16 10:27:06,7,3,3,3,14,75
2025-09-16 10:27:06,7,3,3,3,88,75
2025-09-16 10:27:06,7,3,3,3,53,75
2025-09-16 10:27:06,7,3,3,3,71,75
2025-09-16 10:27:06,7,3,3,3,57,75
2025-09-16 10:27:06,7,3,3,3,89,75
2025-09-16 10:27:06,7,3,3,3,60,75
2025-09-16 10:27:06,7,3,3,3,55,75
2025-09-16 10:27:06,7,3,3,3,11,75
2025-09-16 10:27:06,7,3,3,3,90,75
2025-09-16 10:27:06,7,3,3,3,73,75
2025-09-16 10:27:06,7,3,3,3,98,75
2025-09-16 10:27:06,7,3,3,3,86,75
2025-09-16 10:27:06,7,3,3,3,21,75
2025-09-16 10:27:06,7,3,3,3,53,75
2025-09-16 10:27:06,7,3,3,3,3,75
2025-09-16 10:27:06,7,3,3,3,28,75
2025-09-16 10:27:06,7,3,3,3,75,75
2025-09-16 10:27:06,7,3,3,3,10,75
2025-09-16 10:27:06,7,3,3,3,44,75
2025-09-16 10:27:06,7,3,3,3,95,75
2025-09-16 10:27:06,7,3,3,3,24,75
2025-09-16 10:27:06,7,3,3,3,10,75
2025-09-16 10:27:06,7,3,3,3,83,75
2025-09-16 10:27:06,7,3,3,3,89,75
2025-09-16 10:27:06,7,3,3,3,46,75
2025-09-16 10:27:06,7,3,3,3,8,75
2025-09-16 10:27:06,7,3,3,3,84,75
2025-09-16 10:27:06,7,3,3,3,100,75
2025-09-16 10:27:06,7,3,3,3,69,75
2025-09-16 10:27:06,7,3,3,3,1,75
2025-09-16 10:27:06,7,3,3,3,78,75
2025-09-16 10:27:06,7,3,3,3,17,75
2025-09-16 10:27:06,7,3,3,3,61,75
2025-09-16 10:27:06,7,3,3,3,75,75
2025-09-16 10:27:06,7,3,3,3,35,75
2025-09-16 10:27:06,7,3,3,3,83,75
2025-09-16 10:27:06,7,3,3,3,51,75
2025-09-16 10:27:06,7,3,3,3,22,75
2025-09-16 10:27:06,7,3,3,3,65,75
2025-09-16 10:27:06,7,3,3,3,100,75
2025-09-16 10:27:06,7,3,3,3,27,75
2025-09-16 10:27:06,7,3,3,3,99,75
2025-09-16 10:27:06,7,3,3,3,69,75
2025-09-16 10:27:06,7,3,3,3,4,75
2025-09-16 10:27:06,7,3,3,3,66,75
2025-09-16 10:27:06,7,3,3,3,5,75
2025-09-16 10:27:06,7,3,3,3,75,75
2025-09-16 10:27:06,7,3,3,3,77,75
2025-09-16 10:27:06,7,3,3,3,17,75
2025-09-16 10:27:06,7,3,3,3,85,75
2025-09-16 10:27:06,7,3,3,3,50,75
2025-09-16 10:27:06,7,3,3,3,39,75
2025-09-16 10:27:06,7,3,3,3,68,75
2025-09-16 10:27:06,7,3,3,3,17,75
2025-09-16 10:27:06,7,3,3,3,20,75
2025-09-16 10:27:06,7,3,3,3,83,75
2025-09-16 10:27:06,7,3,3,3,64,75
2025-09-16 10:27:06,7,3,3,3,62,75
2025-09-16 10:27:06,7,3,3,3,16,75
2025-09-16 10:27:06,7,3,3,3,66,75
2025-09-16 10:27:06,7,3,3,3,74,75
2025-09-16 10:27:06,7,3,3,3,10,75
2025-09-16 10:27:06,7,3,3,3,0,75
2025-09-16 10:27:06,7,3,3,3,21,75
2025-09-16 10:27:06,7,3,3,3,6,75
2025-09-16 10:27:06,7,3,3,3,58,75
2025-09-16 10:27:06,7,3,3,3,86,75
2025-09-16 10:27:06,7,3,3,3,9,75
2025-09-16 10:27:06,7,3,3,3,46,75
2025-09-16 10:27:06,7,3,3,3,97,75
2025-09-16 10:27:06,7,3,3,3,8,75
2025-09-16 10:27:06,7,3,3,3,95,75
2025-09-16 10:27:06,7,3,3,3,20,75
2025-09-16 10:27:06,7,3,3,3,57,75
2025-09-16 10:27:06,7,3,3,3,75,75
2025-09-16 10:27:06,7,3,3,3,41,75
2025-09-16 10:27:06,7,3,3,3,24,75
2025-09-16 10:27:06,7,3,3,3,73,75
2025-09-16 10:27:06,7,3,3,3,18,75
2025-09-16 10:27:06,7,3,3,3,26,75
2025-09-16 10:27:06,7,3,3,3,62,75
2025-09-16 10:27:06,7,3,3,3,13,75
2025-09-16 10:27:06,7,3,3,3,92,75
2025-09-16 10:27:06,7,3,3,3,27,75
2025-09-16 10:27:06,7,3,3,3,12,75
2025-09-16 10:27:06,7,3,3,3,63,75
2025-09-16 10:27:06,7,3,3,3,100,75
2025-09-16 10:27:06,7,3,3,3,13,75
2025-09-16 10:27:06,7,3,3,3,67,75
2025-09-16 10:27:06,7,3,3,3,59,75
2025-09-16 10:27:06,7,3,3,3,2,75
2025-09-16 10:27:06,7,3,3,3,48,75
2025-09-16 10:27:06,7,3,3,3,18,75
2025-09-16 10:27:06,7,3,3,3,49,75
2025-09-16 10:27:06,7,3,3,3,93,75
2025-09-16 10:27:06,7,3,3,3,38,75
2025-09-16 10:27:06,7,3,3,3,18,75
2025-09-16 10:27:06,7,3,3,3,19,75
2025-09-16 10:27:06,7,3,3,3,35,75
2025-09-16 10:27:06,7,3,3,3,58,75
2025-09-16 10:27:06,7,3,3,3,83,75
2025-09-16 10:27:06,7,3,3,3,24,75
2025-09-16 10:27:06,7,3,3,3,62,75
2025-09-16 10:27:06,7,3,3,3,1,75
2025-09-16 10:27:06,7,3,3,3,37,75
2025-09-16 10:27:06,7,3,3,3,58,75
2025-09-16 10:27:06,7,3,3,3,85,75
2025-09-16 10:27:06,7,3,3,3,66,75
2025-09-16 10:27:06,7,3,3,3,60,75
2025-09-16 10:27:06,7,3,3,3,0,75
2025-09-16 10:27:06,7,3,3,3,61,75
2025-09-16 10:27:06,7,3,3,3,43,75
2025-09-16 10:27:06,7,3,3,3,75,75
2025-09-16 10:27:06,7,3,3,3,86,75
2025-09-16 10:27:06,7,3,3,3,42,75
2025-09-16 10:27:06,7,3,3,3,43,75
2025-09-16 10:27:06,7,3,3,3,52,75
2025-09-16 10:27:06,7,3,3,3,43,75
2025-09-16 10:27:06,7,3,3,3,49,75
2025-09-16 10:27:06,7,3,3,3,77,75
2025-09-16 10:27:06,7,3,3,3,27,75
2025-09-16 10:27:06,7,3,3,3,95,75
2025-09-16 10:27:06,7,3,3,3,24,75
2025-09-16 10:27:06,7,3,3,3,29,75
2025-09-16 10:27:06,7,3,3,3,74,75
2025-09-16 10:27:06,7,3,3,3,44,75
2025-09-16 10:27:06,7,3,3,3,79,75
2025-09-16 10:27:06,7,3,3,3,47,75
2025-09-16 10:27:06,7,3,3,3,77,75
2025-09-16 10:27:06,7,3,3,3,87,75
2025-09-16 10:27:06,7,3,3,3,88,75
2025-09-16 10:27:06,7,3,3,3,60,75
2025-09-16 10:27:06,7,3,3,3,30,75
2025-09-16 10:27:06,7,3,3,3,60,75
2025-09-16 10:27:06,7,3,3,3,28,75
2025-09-16 10:27:06,7,3,3,3,4,75
2025-09-16 10:27:06,7,3,3,3,56,75
2025-09-16 10:27:06,7,3,3,3,37,75
2025-09-16 10:27:06,7,3,3,3,35,75
2025-09-16 10:27:06,7,3,3,3,17,75
